ID	Date	Beijing	Wuhan	Shanghai	Shenzhen	Confirmed
1	12/01/2019	0.72	0.65	0.69	0.68	0
2	12/02/2019	0.62	0.63	0.64	0.58	0
3	12/03/2019	0.61	0.61	0.63	0.6	0
4	12/04/2019	0.6	0.61	0.65	0.62	0
5	12/05/2019	0.59	0.63	0.64	0.57	0
6	12/06/2019	0.64	0.62	0.69	0.62	0
7	12/07/2019	0.7	0.66	0.73	0.64	0
8	12/08/2019	0.65	0.66	0.71	0.71	0
9	12/09/2019	0.6	0.6	0.65	0.61	0
10	12/10/2019	0.61	0.59	0.64	0.58	0
11	12/11/2019	0.62	0.62	0.66	0.61	0
12	12/12/2019	0.61	0.6	0.66	0.56	0
13	12/13/2019	0.64	0.63	0.67	0.64	0
14	12/14/2019	0.69	0.63	0.71	0.66	0
15	12/15/2019	0.68	0.64	0.72	0.67	0
16	12/16/2019	0.76	0.6	0.67	0.58	0
17	12/17/2019	0.65	0.59	0.65	0.58	0
18	12/18/2019	0.62	0.65	0.64	0.61	0
19	12/19/2019	0.63	0.62	0.62	0.58	0
20	12/20/2019	0.62	0.59	0.64	0.6	0
21	12/21/2019	0.71	0.63	0.68	0.64	0
22	12/22/2019	0.7	0.68	0.71	0.69	0
23	12/23/2019	0.67	0.62	0.69	0.62	0
24	12/24/2019	0.72	0.68	0.74	0.69	0
25	12/25/2019	0.75	0.72	0.77	0.71	0
26	12/26/2019	0.65	0.45	0.69	0.63	0
27	12/27/2019	0.65	0.61	0.67	0.61	0
28	12/28/2019	0.66	0.63	0.71	0.67	0
29	12/29/2019	0.68	0.66	0.69	0.66	0
30	12/30/2019	0.65	0.64	0.67	0.66	0
31	12/31/2019	0.74	0.65	0.74	0.68	0
32	01/01/2020	0.83	0.8	0.84	0.82	0
33	01/02/2020	0.68	0.64	0.69	0.66	0
34	01/03/2020	0.64	0.59	0.65	0.61	0
35	01/04/2020	0.69	0.63	0.69	0.65	0
36	01/05/2020	0.75	0.61	0.67	0.66	14
37	01/06/2020	0.76	0.57	0.64	0.6	4
38	01/07/2020	0.65	0.59	0.64	0.61	35
39	01/08/2020	0.63	0.58	0.64	0.6	19
40	01/09/2020	0.63	0.59	0.65	0.62	11
41	01/10/2020	0.66	0.56	0.63	0.61	4
42	01/11/2020	0.69	0.61	0.69	0.65	7
43	01/12/2020	0.69	0.64	0.7	0.65	0
44	01/13/2020	0.64	0.6	0.65	0.6	0
45	01/14/2020	0.64	0.57	0.67	0.6	0
46	01/15/2020	0.66	0.59	0.67	0.59	1
47	01/16/2020	0.67	0.6	0.66	0.6	0
48	01/17/2020	0.69	0.62	0.67	0.65	3
49	01/18/2020	0.7	0.63	0.72	0.69	2
50	01/19/2020	0.66	0.6	0.69	0.66	12
51	01/20/2020	0.66	0.48	0.68	0.66	1
52	01/21/2020	0.62	0.32	0.65	0.59	110
53	01/22/2020	0.58	0.24	0.59	0.56	312
54	01/23/2020	0.55	0.04	0.52	0.5	303
55	01/24/2020	0.7	0.17	0.65	0.67	368
56	01/25/2020	0.65	0.09	0.65	0.62	597
57	01/26/2020	0.48	0.11	0.48	0.46	608
58	01/27/2020	0.36	0.22	0.36	0.37	537
59	01/28/2020	0.43	0.29	0.47	0.49	637
60	01/29/2020	0.52	0.31	0.56	0.55	1024
61	01/30/2020	0.46	0.24	0.46	0.48	1192
62	01/31/2020	0.45	0.18	0.48	0.48	1611
63	02/01/2020	0.46	0.19	0.48	0.45	1819
64	02/02/2020	0.65	0.35	0.58	0.56	2080
65	02/03/2020	0.49	0.26	0.48	0.47	2121
66	02/04/2020	0.55	0.29	0.53	0.46	2232
67	02/05/2020	0.59	0.22	0.5	0.43	2562
68	02/06/2020	0.59	0.18	0.46	0.42	2492
69	02/07/2020	0.47	0.21	0.44	0.35	2630
70	02/08/2020	0.6	0.35	0.55	0.53	2309
71	02/09/2020	0.5	0.32	0.46	0.49	1778
72	02/10/2020	0.49	0.24	0.45	0.46	2214
73	02/11/2020	0.52	0.19	0.45	0.46	2000
74	02/12/2020	0.52	0.2	0.51	0.47	2067
75	02/13/2020	0.51	0.22	0.49	0.46	1906
76	02/14/2020	0.66	0.39	0.61	0.59	1847
77	02/15/2020	0.57	0.44	0.53	0.52	1658
78	02/16/2020	0.58	0.38	0.56	0.48	1511
79	02/17/2020	0.57	0.36	0.55	0.51	1525
80	02/18/2020	0.56	0.3	0.58	0.53	1732
81	02/19/2020	0.57	0.29	0.56	0.55	842
82	02/20/2020	0.52	0.29	0.57	0.52	594
83	02/21/2020	0.56	0.29	0.57	0.55	532
84	02/22/2020	0.59	0.32	0.61	0.58	385
85	02/23/2020	0.59	0.31	0.61	0.56	254
86	02/24/2020	0.57	0.31	0.58	0.55	297
87	02/25/2020	0.57	0.35	0.58	0.52	635
88	02/26/2020	0.57	0.33	0.57	0.53	353
89	02/27/2020	0.54	0.37	0.59	0.56	331
90	02/28/2020	0.54	0.35	0.57	0.55	380
91	02/29/2020	0.62	0.49	0.64	0.63	541
92	03/01/2020	0.65	0.43	0.59	0.59	187
93	03/02/2020	0.57	0.35	0.54	0.53	93
94	03/03/2020	0.57	0.38	0.58	0.54	104
95	03/04/2020	0.58	0.38	0.55	0.53	128
96	03/05/2020	0.58	0.41	0.61	0.56	103
97	03/06/2020	0.56	0.4	0.61	0.56	66
98	03/07/2020	0.62	0.46	0.62	0.59	45
99	03/08/2020	0.62	0.45	0.66	0.62	26
100	03/09/2020	0.58	0.43	0.57	0.55	16
101	03/10/2020	0.62	0.48	0.6	0.56	15
102	03/11/2020	0.59	0.39	0.6	0.55	6
103	03/12/2020	0.6	0.4	0.62	0.55	6
104	03/13/2020	0.58	0.4	0.57	0.56	2
105	03/14/2020	0.63	0.47	0.68	0.61	3
106	03/15/2020	0.66	0.47	0.67	0.61	3
107	03/16/2020	0.58	0.43	0.64	0.54	1
108	03/17/2020	0.61	0.49	0.6	0.55	2
109	03/18/2020	0.57	0.48	0.63	0.58	1
110	03/19/2020	0.59	0.47	0.63	0.55	1
111	03/20/2020	0.62	0.51	0.66	0.55	1
112	03/21/2020	0.66	0.45	0.68	0.59	2
113	03/22/2020	0.68	0.45	0.66	0.63	3
114	03/23/2020	0.63	0.47	0.63	0.55	2
115	03/24/2020	0.6	0.43	0.62	0.58	0
116	03/25/2020	0.6	0.48	0.64	0.58	0
117	03/26/2020	0.59	0.52	0.62	0.55	0
118	03/27/2020	0.62	0.43	0.61	0.55	1
119	03/28/2020	0.68	0.48	0.67	0.58	1
120	03/29/2020	0.65	0.46	0.63	0.59	0
121	03/30/2020	0.61	0.45	0.6	0.54	0
122	03/31/2020	0.6	0.46	0.6	0.55	0
123	04/01/2020	0.62	0.51	0.63	0.57	1
124	04/02/2020	0.62	0.46	0.61	0.53	0
125	04/03/2020	0.62	0.44	0.63	0.56	0
126	04/04/2020	0.68	0.57	0.69	0.64	0
127	04/05/2020	0.7	0.49	0.73	0.6	0
128	04/06/2020	0.67	0.49	0.69	0.59	0
129	04/07/2020	0.62	0.51	0.65	0.55	0
130	04/08/2020	0.62	0.55	0.65	0.56	0
131	04/09/2020	0.59	0.51	0.62	0.56	0
132	04/10/2020	0.61	0.47	0.63	0.57	0
133	04/11/2020	0.66	0.47	0.63	0.58	0
134	04/12/2020	0.68	0.54	0.67	0.64	0
135	04/13/2020	0.61	0.53	0.64	0.59	0
136	04/14/2020	0.61	0.51	0.63	0.55	0
137	04/15/2020	0.59	0.54	0.63	0.55	0
138	04/16/2020	0.61	0.52	0.62	0.56	0
139	04/17/2020	0.62	0.51	0.63	0.58	0
140	04/18/2020	0.64	0.5	0.65	0.59	320
141	04/19/2020	0.67	0.58	0.66	0.62	149
142	04/20/2020	0.58	0.52	0.59	0.58	0
143	04/21/2020	0.57	0.49	0.61	0.54	0
144	04/22/2020	0.6	0.5	0.6	0.55	0
145	04/23/2020	0.56	0.5	0.59	0.5	0
146	04/24/2020	0.59	0.55	0.62	0.52	0
147	04/25/2020	0.64	0.58	0.69	0.58	0
148	04/26/2020	0.63	0.56	0.65	0.57	0
149	04/27/2020	0.58	0.53	0.65	0.56	0
150	04/28/2020	0.58	0.53	0.62	0.56	0
151	04/29/2020	0.59	0.53	0.63	0.55	0
152	04/30/2020	0.6	0.51	0.63	0.58	0
